10656983941163|2022-03-30 16:37:56|6019512.66||||Cantupneus Site NOVO||1698|25
8806224297985|5|10132.88|
8804660543489|5|4036.95|
8804558929921|8|68908.32|
8804660772865|6|5274.18|
8804581638145|10|41340.60|
8804618895361|344|644788.44|
8804494868481|5|303162.08|
8804461477889|36|471847.68|
8806185926657|5|32509.35|
8806192906241|7|68735.83|
8804475928577|4|17869.86|
8808053768193|5|20711.03|
8804607426561|323|531588.55|
8806191923201|2|7596.27|
8804530421761|2|7433.46|
8804512792577|2|8959.14|
8804397809665|11|20266.29|
8804596547585|342|629574.12|
8805632868353|190|2363220.00|
8804658249729|16|8638.56|
8806677151745|232|385006.32|
8806159810561|8|85068.00|
8804457611265|1|1970.10|
8806189301761|121|245215.58|
8806906822657|8|35659.08|
10884950622251|2022-05-06 10:35:18|3720090.02|00015ben|boletoparcelado|1|Cantupneus Site NOVO||777|30
8804596744193|12|0.00|
8809037824001|8|25164.00|
8804530323457|11|39748.50|
8804470259713|2|24185.70|
8806192807937|30|262670.85|
8806187859969|20|55956.60|
8804658249729|24|12957.84|
8804623646721|45|73667.47|
8804504371201|7|63618.98|
8805632868353|50|621900.00|
8804509908993|24|45282.24|
8806224297985|2|4053.15|
8805533319169|131|251356.91|
8808053768193|5|16575.52|
8804644356097|7|62050.91|
8805830131713|12|47350.44|
8804397809665|16|31790.88|
8804596547585|43|76198.37|
8804471341057|2|20068.11|
8806185861121|60|600218.10|
8804660772865|10|8851.50|
8804435001345|8|17847.00|
8804596744193|10|49054.95|
8804583899137|4|14855.76|
8804397907969|80|160117.20|
8806192906241|4|41262.48|
8804641603585|4|37746.90|
8804478320641|130|1192101.30|
8804471439361|6|18933.21|
8804660543489|10|7751.70|
11185802248235|2022-07-05 17:19:41|1152357.39||pix|1|PneuStore||6|1
8800489144321|6|1309497.03|
11178800971819|2022-06-21 15:53:57|1151098.20||pix|1|PneuStore||4|1
8808350613505|4|1308066.12|
11171477422123|2022-06-16 22:47:23|1101327.30||pix|1|PneuStore||6|1
8800489144321|6|1251508.32|
11187566936107|2022-07-08 16:11:02|1074418.16||pix|1|PneuStore||4|1
8808350613505|4|1220929.74|
11004349251627|2022-05-23 14:24:28|1055997.27||pix|1|PneuStore||6|1
8800489144321|6|1199996.91|
11124440105003|2022-06-09 22:54:43|964704.33||pix|1|PneuStore||5|1
8800489144321|5|1042923.60|
11178613276715|2022-06-21 09:23:37|907675.70||||Cantupneus Site NOVO|||
10177544290347|2022-01-15 00:29:11|847797.35||pix|1|PneuStore||6|1
8797308878849|6|941997.06|
10314213228587|2022-02-08 12:10:12|847797.35||pix|1|PneuStore||6|1
8797308878849|6|941997.06|
10981667274795|2022-05-19 22:23:16|828957.42||pix|1|PneuStore||6|1
8797308878849|6|941997.06|
10972202401835|2022-05-18 13:11:49|828957.42||pix|1|PneuStore||6|1
8797308878849|6|941997.06|
10291966607403|2022-02-04 12:41:15|827231.54||pix|1|PneuStore||6|1
8800489144321|6|919146.15|
10923886903339|2022-05-11 16:26:34|798919.74||||Cantupneus Site NOVO||258|14
8804403478529|4|7028.10|
8806155616257|4|0.00|
8804618895361|20|0.00|
8805533515777|50|76923.00|
8804607426561|2|0.00|
8805858213889|4|0.00|
8804403478529|4|0.00|
8805533515777|20|30769.20|
8806155616257|12|266352.30|
8805533515777|20|30769.20|
8804618895361|40|61538.40|
8805858213889|24|116217.72|
8804646027265|36|138124.44|
8804646027265|18|71197.38|
11127550935083|2022-06-10 10:44:02|783130.55|0001e0v8|boletoparcelado|1|Cantupneus Site NOVO||112|2
8804523081729|40|68589.00|
8804471341057|72|722451.96|
9867203903531|2021-10-31 18:26:43|761741.82||||PneuStore||6|1
8797308878849|6|761741.82|
10785729347627|2022-04-20 11:19:20|753788.97||pix|1|PneuStore||4|1
8800489144321|4|814906.98|
11018135404587|2022-05-25 12:14:14|739815.62|0001ccx6|||Cantupneus Site NOVO||459|7
8804397940737|98|168417.90|
8804475142145|16|42407.28|
8804475142145|8|21203.64|
8806677250049|16|32301.36|
8804607426561|100|136507.50|
8804596547585|10|13650.75|
8804397907969|211|325327.18|
10206061035563|2022-01-20 02:35:56|706497.80||pix|1|PneuStore||5|1
8797308878849|5|784997.55|
10981285068843|2022-05-19 21:17:59|703998.18||pix|1|PneuStore||4|1
8800489144321|4|799997.94|
10931158646827|2022-05-12 15:44:09|703998.18||pix|1|PneuStore||4|1
8800489144321|4|799997.94|
11011147038763|2022-05-24 14:14:58|699226.88||creditcard|1|Cantupneus Site NOVO||88|10
8804475797505|8|90454.23|
8804607393793|8|15154.70|
8804583964673|4|20458.53|
8804626890753|4|95145.39|
8804530323457|32|117944.64|
8804576821249|20|170564.40|
8804603396097|4|44075.39|
8804504338433|3|30706.29|
8804603527169|3|73872.32|
8804643602433|2|37738.98|
10971535147051|2022-05-18 10:47:41|617090.04|0001budl|||Cantupneus Site NOVO||27|7
8806154633217|2|38214.99|
8805858213889|2|9984.33|
8804642127873|8|124155.00|
8804478812161|4|122551.20|
8804605952001|4|65527.20|
8806155616257|3|68647.50|
8807955464193|4|188009.82|
9774262779947|2020-11-11 18:04:18|606010.14||||PneuStore||19|19
8800488947713|1|28722.92|
8797328015361|1|92871.86|
8797326770177|1|10034.55|
8797280993281|1|8760.15|
8797309272065|1|53425.04|
8797281091585|1|2680.38|
8800489078785|1|56841.62|
8797284663297|1|45813.33|
8797299343361|1|39781.44|
8797284892673|1|35520.80|
8798714593281|1|36674.55|
8797309501441|1|2557.44|
8799763955713|1|8549.55|
8797281124353|1|9909.09|
8797299113985|1|68456.97|
8797312253953|1|49308.03|
8797200711681|1|3781.44|
8797200351233|1|2584.62|
8797309796353|1|49736.39|
10377269444651|2022-02-17 10:17:10|591140.30|00014cdr|||Cantupneus Site NOVO||67|1
8804444405761|67|591140.30|
9831506837547|2021-07-08 14:47:11|578396.29||||PneuStore||5|2
8797333553153|4|497870.46|
8800489013249|1|80525.84|
10292669710379|2022-02-04 15:28:55|565198.25|00012szp|pix|1|PneuStore||4|1
8797308878849|4|627998.04|
10207244255275|2022-01-20 09:28:41|565198.25||pix|1|PneuStore||4|1
8797308878849|4|627998.04|
10244234674219|2022-01-27 01:55:25|562686.39||pix|1|PneuStore||4|1
8797308878849|4|596598.30|
10252134645803|2022-01-28 15:36:13|552638.29||pix|1|PneuStore||4|1
8797308878849|4|627998.04|
10291666878507|2022-02-04 11:34:47|551487.74||pix|1|PneuStore||4|1
8800489144321|4|582125.94|
11192477155371|2022-07-19 09:33:17|545937.30||pix|1|PneuStore||6|1
8800488980481|6|620383.32|
10119966916651|2022-01-04 20:40:38|539998.16||pix|1|PneuStore||4|1
8800489111553|4|599997.96|
10967416635435|2022-05-17 18:10:54|527998.18||pix|1|PneuStore||4|1
8800489111553|4|599997.96|
9875445055531|2021-11-13 20:02:41|520344.99||pix|1|PneuStore||7|3
8797234790401|2|3086.55|
8797308878849|4|482436.54|
8797285122049|1|72987.93|
9843467681835|2021-08-18 09:59:07|497870.46||||PneuStore||4|1
8797333553153|4|497870.46|
9841566744619|2021-08-11 12:51:25|497870.46||||PneuStore||4|1
8797333553153|4|497870.46|
9843498876971|2021-08-18 09:56:50|497870.46||||PneuStore||4|1
8797333553153|4|497870.46|
11195434795051|2022-07-26 14:58:12|489058.25||pix|1|PneuStore||4|1
8808349401089|4|555748.02|
9954114240555|2021-11-30 13:14:32|469944.77||pix|1|PneuStore||11|4
8797286400001|4|22696.20|
8797327654913|2|164998.98|
8803512483841|1|34467.62|
8803512844289|4|299998.08|
10073333891115|2021-12-26 12:59:09|457045.11||pix|1|PneuStore||4|1
8797308878849|4|507827.88|
10797114294315|2022-04-22 11:22:28|426357.00||pix|1|PneuStore||7|2
8800489013249|1|112499.51|
8797309272065|6|371997.09|
9855886360619|2021-09-29 09:23:24|425103.39||||PneuStore||6|1
8803512844289|6|425103.39|
10936690311211|2022-05-13 12:29:24|416237.45||pix|1|PneuStore||6|2
8800489013249|2|224999.01|
8797309272065|4|247998.06|
10235228946475|2022-01-25 11:39:40|413998.11||pix|1|PneuStore||4|1
8800488980481|4|459997.92|
10046428807211|2021-12-20 12:01:51|408573.23||||Cantupneus Site NOVO||43|2
8804470259713|31|296793.23|
8804592549889|12|111780.00|
11010673705003|2022-05-24 12:45:31|399772.53||pix|1|PneuStore||7|2
8797308878849|3|447448.73|
8797234364417|4|6838.20|
10686348689451|2022-04-04 12:16:19|396155.70||pix|1|PneuStore||4|2
8807825833985|1|536.40|
8797308878849|3|449640.45|
10308043374635|2022-02-07 11:04:58|395606.34||pix|1|PneuStore||5|2
8797988323329|1|2564.55|
8800488980481|4|436998.06|
